6.89941 51.48138 
6.92139 51.48138 
6.94336 51.48138 
6.96533 51.48138 
6.9873 51.48138 
7.03125 51.48138 
7.05322 51.48138 
7.0752 51.48138 
7.09717 51.48138 
7.11914 51.48138 
7.14111 51.48138 
7.16309 51.48138 
7.18506 51.48138 
7.20703 51.48138 
7.229 51.48138 
7.25098 51.48138 
7.27295 51.48138 
7.29492 51.48138 
7.31689 51.48138 
7.33887 51.48138 
7.36084 51.48138 
7.38281 51.48138 
7.40479 51.48138 
7.42676 51.48138 
7.44873 51.48138 
7.4707 51.48138 
7.49268 51.48138 
6.89941 51.4677 
6.92139 51.4677 
6.94336 51.4677 
6.96533 51.4677 
6.9873 51.4677 
7.03125 51.4677 
7.05322 51.4677 
7.0752 51.4677 
7.09717 51.4677 
7.11914 51.4677 
7.14111 51.4677 
7.16309 51.4677 
7.18506 51.4677 
7.20703 51.4677 
7.229 51.4677 
7.25098 51.4677 
7.33887 51.4677 
7.36084 51.4677 
7.38281 51.4677 
7.40479 51.4677 
7.42676 51.4677 
7.44873 51.4677 
7.4707 51.4677 
7.49268 51.4677 
6.89941 51.45401 
6.92139 51.45401 
6.94336 51.45401 
6.96533 51.45401 
6.9873 51.45401 
7.11914 51.45401 
7.14111 51.45401 
7.16309 51.45401 
7.18506 51.45401 
7.20703 51.45401 
7.229 51.45401 
7.25098 51.45401 
7.33887 51.45401 
7.36084 51.45401 
7.38281 51.45401 
7.40479 51.45401 
7.42676 51.45401 
7.44873 51.45401 
7.4707 51.45401 
7.49268 51.45401 
6.89941 51.44031 
6.92139 51.44031 
6.94336 51.44031 
6.96533 51.44031 
6.9873 51.44031 
7.03125 51.44031 
7.14111 51.44031 
7.16309 51.44031 
7.18506 51.44031 
7.20703 51.44031 
7.229 51.44031 
7.33887 51.44031 
7.36084 51.44031 
7.38281 51.44031 
7.40479 51.44031 
7.42676 51.44031 
7.44873 51.44031 
7.4707 51.44031 
7.49268 51.44031 
6.89941 51.42661 
6.92139 51.42661 
6.94336 51.42661 
6.96533 51.42661 
6.9873 51.42661 
7.03125 51.42661 
7.27295 51.42661 
7.29492 51.42661 
7.36084 51.42661 
7.38281 51.42661 
7.40479 51.42661 
7.42676 51.42661 
7.44873 51.42661 
7.4707 51.42661 
7.49268 51.42661 
6.89941 51.41291 
6.92139 51.41291 
6.94336 51.41291 
6.96533 51.41291 
7.09717 51.41291 
7.18506 51.41291 
7.20703 51.41291 
7.27295 51.41291 
7.29492 51.41291 
7.36084 51.41291 
7.38281 51.41291 
7.40479 51.41291 
7.42676 51.41291 
7.44873 51.41291 
6.89941 51.39921 
6.92139 51.39921 
6.94336 51.39921 
6.96533 51.39921 
7.09717 51.39921 
7.11914 51.39921 
7.20703 51.39921 
7.229 51.39921 
7.27295 51.39921 
7.33887 51.39921 
7.36084 51.39921 
7.38281 51.39921 
7.40479 51.39921 
7.42676 51.39921 
7.44873 51.39921 
7.4707 51.39921 
6.89941 51.3855 
6.92139 51.3855 
6.94336 51.3855 
6.96533 51.3855 
6.9873 51.3855 
7.03125 51.3855 
7.05322 51.3855 
7.27295 51.3855 
7.31689 51.3855 
7.33887 51.3855 
7.36084 51.3855 
7.38281 51.3855 
7.40479 51.3855 
7.42676 51.3855 
7.44873 51.3855 
7.4707 51.3855 
6.89941 51.37178 
6.92139 51.37178 
6.94336 51.37178 
6.96533 51.37178 
6.9873 51.37178 
7.03125 51.37178 
7.05322 51.37178 
7.0752 51.37178 
7.09717 51.37178 
7.27295 51.37178 
7.31689 51.37178 
7.33887 51.37178 
7.36084 51.37178 
7.38281 51.37178 
7.40479 51.37178 
7.42676 51.37178 
6.89941 51.35806 
6.92139 51.35806 
6.94336 51.35806 
6.96533 51.35806 
6.9873 51.35806 
7.31689 51.35806 
7.33887 51.35806 
7.36084 51.35806 
7.38281 51.35806 
7.40479 51.35806 
7.42676 51.35806 
7.44873 51.35806 
7.4707 51.35806 
7.49268 51.35806 
6.89941 51.34434 
6.92139 51.34434 
6.94336 51.34434 
6.96533 51.34434 
6.9873 51.34434 
7.00928 51.34434 
7.29492 51.34434 
7.31689 51.34434 
7.33887 51.34434 
7.36084 51.34434 
7.38281 51.34434 
7.40479 51.34434 
7.42676 51.34434 
7.44873 51.34434 
7.4707 51.34434 
7.49268 51.34434 
6.89941 51.33061 
6.92139 51.33061 
6.94336 51.33061 
6.96533 51.33061 
6.9873 51.33061 
7.00928 51.33061 
7.29492 51.33061 
7.31689 51.33061 
7.33887 51.33061 
7.36084 51.33061 
7.38281 51.33061 
7.40479 51.33061 
7.42676 51.33061 
7.44873 51.33061 
7.4707 51.33061 
7.49268 51.33061 
6.89941 51.31688 
6.92139 51.31688 
6.94336 51.31688 
6.96533 51.31688 
6.9873 51.31688 
7.29492 51.31688 
7.31689 51.31688 
7.33887 51.31688 
7.42676 51.31688 
7.44873 51.31688 
7.4707 51.31688 
7.49268 51.31688 
6.89941 51.30315 
6.92139 51.30315 
6.94336 51.30315 
6.96533 51.30315 
6.9873 51.30315 
7.42676 51.30315 
7.44873 51.30315 
7.4707 51.30315 
7.49268 51.30315 
6.92139 51.28941 
6.94336 51.28941 
6.96533 51.28941 
6.9873 51.28941 
7.36084 51.28941 
7.40479 51.28941 
7.42676 51.28941 
7.44873 51.28941 
7.4707 51.28941 
7.49268 51.28941 
6.96533 51.27566 
6.9873 51.27566 
7.00928 51.27566 
7.03125 51.27566 
7.33887 51.27566 
7.42676 51.27566 
7.44873 51.27566 
7.4707 51.27566 
7.49268 51.27566 
6.96533 51.26191 
6.9873 51.26191 
7.00928 51.26191 
7.03125 51.26191 
7.42676 51.26191 
7.44873 51.26191 
7.4707 51.26191 
7.49268 51.26191 
6.89941 51.24816 
6.96533 51.24816 
6.9873 51.24816 
7.00928 51.24816 
7.03125 51.24816 
7.38281 51.24816 
7.42676 51.24816 
7.44873 51.24816 
7.4707 51.24816 
7.49268 51.24816 
7.38281 51.23441 
7.40479 51.23441 
7.42676 51.23441 
7.44873 51.23441 
7.4707 51.23441 
7.49268 51.23441 
7.0752 51.22065 
7.40479 51.22065 
7.42676 51.22065 
7.44873 51.22065 
7.4707 51.22065 
7.49268 51.22065 
6.92139 51.20688 
6.94336 51.20688 
6.96533 51.20688 
6.9873 51.20688 
7.40479 51.20688 
7.42676 51.20688 
7.44873 51.20688 
7.4707 51.20688 
7.49268 51.20688 
6.94336 51.19312 
7.20703 51.19312 
7.36084 51.19312 
7.38281 51.19312 
7.40479 51.19312 
7.42676 51.19312 
7.44873 51.19312 
7.4707 51.19312 
7.49268 51.19312 
7.00928 51.17934 
7.09717 51.17934 
7.33887 51.17934 
7.36084 51.17934 
7.38281 51.17934 
7.40479 51.17934 
7.42676 51.17934 
7.44873 51.17934 
7.4707 51.17934 
7.49268 51.17934 
6.94336 51.16557 
6.96533 51.16557 
7.05322 51.16557 
7.18506 51.16557 
7.20703 51.16557 
7.229 51.16557 
7.27295 51.16557 
7.29492 51.16557 
7.33887 51.16557 
7.36084 51.16557 
7.38281 51.16557 
7.40479 51.16557 
7.42676 51.16557 
7.44873 51.16557 
7.4707 51.16557 
7.49268 51.16557 
6.92139 51.15179 
6.94336 51.15179 
6.96533 51.15179 
7.03125 51.15179 
7.16309 51.15179 
7.18506 51.15179 
7.27295 51.15179 
7.29492 51.15179 
7.31689 51.15179 
7.33887 51.15179 
7.36084 51.15179 
7.38281 51.15179 
7.40479 51.15179 
7.42676 51.15179 
7.44873 51.15179 
7.4707 51.15179 
7.49268 51.15179 
6.92139 51.138 
6.96533 51.138 
7.16309 51.138 
7.229 51.138 
7.25098 51.138 
7.27295 51.138 
7.29492 51.138 
7.31689 51.138 
7.33887 51.138 
7.36084 51.138 
7.38281 51.138 
7.40479 51.138 
7.42676 51.138 
7.44873 51.138 
7.4707 51.138 
7.49268 51.138 
7.00928 51.12421 
7.05322 51.12421 
7.20703 51.12421 
7.229 51.12421 
7.25098 51.12421 
7.27295 51.12421 
7.29492 51.12421 
7.31689 51.12421 
7.33887 51.12421 
7.36084 51.12421 
7.38281 51.12421 
7.40479 51.12421 
7.42676 51.12421 
7.44873 51.12421 
7.4707 51.12421 
7.49268 51.12421 
6.89941 51.11042 
6.92139 51.11042 
6.94336 51.11042 
6.96533 51.11042 
6.9873 51.11042 
7.09717 51.11042 
7.18506 51.11042 
7.20703 51.11042 
7.229 51.11042 
7.25098 51.11042 
7.27295 51.11042 
7.29492 51.11042 
7.31689 51.11042 
7.33887 51.11042 
7.36084 51.11042 
7.38281 51.11042 
7.40479 51.11042 
7.42676 51.11042 
7.44873 51.11042 
7.4707 51.11042 
7.49268 51.11042 
6.89941 51.09662 
6.92139 51.09662 
6.94336 51.09662 
6.96533 51.09662 
7.03125 51.09662 
7.05322 51.09662 
7.0752 51.09662 
7.09717 51.09662 
7.11914 51.09662 
7.14111 51.09662 
7.16309 51.09662 
7.18506 51.09662 
7.20703 51.09662 
7.229 51.09662 
7.25098 51.09662 
7.27295 51.09662 
7.29492 51.09662 
7.31689 51.09662 
7.33887 51.09662 
7.36084 51.09662 
7.38281 51.09662 
7.40479 51.09662 
7.42676 51.09662 
7.44873 51.09662 
7.4707 51.09662 
7.49268 51.09662 
6.89941 51.08282 
6.92139 51.08282 
6.94336 51.08282 
7.03125 51.08282 
7.05322 51.08282 
7.0752 51.08282 
7.09717 51.08282 
7.11914 51.08282 
7.14111 51.08282 
7.16309 51.08282 
7.18506 51.08282 
7.20703 51.08282 
7.229 51.08282 
7.25098 51.08282 
7.27295 51.08282 
7.29492 51.08282 
7.31689 51.08282 
7.33887 51.08282 
7.36084 51.08282 
7.38281 51.08282 
7.40479 51.08282 
7.42676 51.08282 
7.44873 51.08282 
7.4707 51.08282 
7.49268 51.08282 
6.9873 51.06902 
7.00928 51.06902 
7.03125 51.06902 
7.05322 51.06902 
7.0752 51.06902 
7.09717 51.06902 
7.11914 51.06902 
7.14111 51.06902 
7.16309 51.06902 
7.18506 51.06902 
7.20703 51.06902 
7.229 51.06902 
7.25098 51.06902 
7.27295 51.06902 
7.29492 51.06902 
7.31689 51.06902 
7.33887 51.06902 
7.36084 51.06902 
7.38281 51.06902 
7.40479 51.06902 
7.42676 51.06902 
7.44873 51.06902 
7.4707 51.06902 
7.49268 51.06902 
6.89941 51.05521 
6.96533 51.05521 
6.9873 51.05521 
7.00928 51.05521 
7.03125 51.05521 
7.05322 51.05521 
7.0752 51.05521 
7.09717 51.05521 
7.11914 51.05521 
7.14111 51.05521 
7.16309 51.05521 
7.18506 51.05521 
7.20703 51.05521 
7.229 51.05521 
7.25098 51.05521 
7.27295 51.05521 
7.29492 51.05521 
7.31689 51.05521 
7.33887 51.05521 
7.36084 51.05521 
7.38281 51.05521 
7.40479 51.05521 
7.42676 51.05521 
7.44873 51.05521 
7.4707 51.05521 
7.49268 51.05521 
6.89941 51.04139 
6.92139 51.04139 
6.94336 51.04139 
6.96533 51.04139 
6.9873 51.04139 
7.00928 51.04139 
7.03125 51.04139 
7.05322 51.04139 
7.0752 51.04139 
7.09717 51.04139 
7.11914 51.04139 
7.14111 51.04139 
7.16309 51.04139 
7.18506 51.04139 
7.20703 51.04139 
7.229 51.04139 
7.25098 51.04139 
7.27295 51.04139 
7.29492 51.04139 
7.31689 51.04139 
7.33887 51.04139 
7.36084 51.04139 
7.38281 51.04139 
7.40479 51.04139 
7.42676 51.04139 
7.44873 51.04139 
7.4707 51.04139 
7.49268 51.04139 
